Abnormity,Precision,Sensitivity,Specificity,FOne,AUC
CWP,0.996,0.998,0.971,0.997,1.000
Drusen,1.000,0.999,0.997,0.999,1.000
HE,0.998,0.997,0.983,0.998,1.000
HM,0.991,0.994,0.925,0.992,0.998
MH,1.000,1.000,1.000,1.000,1.000
MA,0.999,0.998,0.992,0.999,1.000
Healthy,1.000,1.000,1.000,1.000,1.000
RP,1.000,1.000,1.000,1.000,1.000
VA,0.998,0.995,0.986,0.996,1.000
